30,0,0,30,30,60,60,30
0,60,20,30,0,0,30,20,60,0,40,30,60,60
0,60,20,30,0,0,30,20,60,0,40,30,60,60,30,40
0,0,0,60,30,35,60,60,60,30
0,0,10,5,40,5,60,20,50,60,40,45,30,60,20,30,0,60
0,0,30,30,60,0,60,60,0,60
0,0,30,60,60,60,60,0
0,0,30,0,50,30,60,60,20,50
0,0,0,60,60,60,60,0
0,0,0,60,60,60
15,0,45,0,60,30,30,60,0,30
15,0,45,0,60,30,60,60,45,40,30,60,15,40,0,60,0,30
30,0,60,0,60,60,0,60,30,30
0,20,20,0,60,40,40,60
0,40,20,60,60,20,40,0
0,0,20,40,60,60,0,60
0,0,20,30,30,60,40,30,60,0
0,0,60,0,20,20,20,40,60,60,0,60
0,0,30,10,60,0,40,30,40,50,60,60,10,60
40,0,20,0,0,60,50,50
0,60,30,30,0,0,60,0,60,60
